000001
000002
200002
000004
000005
000006
000007
000008
000009
000010
000011
200011
000012
200012
000014
000016
200016
000017
200017
000018
200018
000019
200019
000020
200020
000021
000022
200022
000023
000024
200024
000025
200025
000026
200026
000027
000028
200028
000029
200029
000030
200030
000031
000032
000033
000034
000035
000036
000037
200037
000038
000039
200039
000040
000042
000043
000045
200045
000046
000048
000049
000050
000055
200055
000056
200056
000058
200058
000059
000060
000061
000062
000063
000065
000066
000068
000069
000070
000078
000088
000089
000090
000096
000099
000100
000150
000151
000153
000155
000156
000157
000158
000159
000301
000400
000401
000402
000403
000404
000406
000407
000408
000409
000410
000411
000413
200413
000415
000416
000417
000418
200418
000419
000420
000421
000422
000423
000425
000426
000428
000429
200429
000430
000488
200488
000498
000501
000502
000503
000504
000505
200505
000506
000507
000508
000509
000510
000511
000513
200513
000514
000515
000516
000517
000518
000519
000520
000521
200521
000522
000523
000524
000525
000526
000527
000528
000529
000530
200530
000531
000532
000533
000534
000536
000537
000538
000539
200539
000540
000541
200541
000542
000543
000544
000545
000546
000547
000548
000549
000550
200550
000551
000552
000553
200553
000554
000555
000557
000558
000559
000560
000561
000562
000563
000564
000565
000566
000567
000568
000569
000570
200570
000571
000572
000573
000576
000578
000581
200581
000582
000584
000585
000586
000587
000589
000590
000591
000592
000593
000594
000595
000596
200596
000597
000598
000599
000600
000601
000602
000603
000605
000606
000607
000608
000609
000610
000611
000612
000613
200613
000615
000616
000617
000618
000619
000620
000622
000623
000625
200625
000626
000627
000628
000629
000630
000631
000632
000633
000635
000636
000637
000638
000639
000650
000651
000652
000655
000656
000657
000659
000661
000662
000663
000665
000666
000667
000668
000669
000670
000671
000672
000673
000676
000677
000678
000679
000680
000681
000682
000683
000685
000686
000687
000688
000690
000691
000692
000693
000695
001696
000697
000698
000700
000701
000702
000703
000705
000707
000708
000709
000710
000711
000712
000713
000715
000716
000717
000718
000719
000720
000721
000722
000723
000725
200725
000726
200726
000727
000728
000729
000731
000732
000733
000735
000736
000737
000738
000739
000748
000750
000751
000752
000753
000755
000756
000757
000758
000759
000760
000761
200761
000762
000763
000766
000767
000768
000776
000777
000778
000779
000780
000782
000783
000785
000786
000788
000789
000790
000791
000792
000793
000795
000796
000797
000798
000799
000800
000801
000802
000803
000806
000807
000809
000810
000811
000812
000813
000815
000816
000817
000818
000819
000820
000821
000822
000823
000825
000826
000828
000829
000830
000831
000833
000835
000836
000837
000838
000839
000848
000850
000851
000852
000856
000858
000859
000860
000861
000862
000863
000866
000868
000869
200869
000875
000876
000877
000878
000880
000881
000882
000883
000885
000886
000887
000888
000889
000890
000892
000893
000895
001896
000897
000898
000899
000900
000901
000902
000903
000905
000906
000908
000909
000910
000911
000912
000913
000915
000916
000917
000918
000919
000920
000921
000922
000923
000925
000926
000927
000928
000929
000930
000931
000932
000933
000935
000936
000937
000938
000939
000948
000949
000950
000951
000952
000953
000955
000956
000957
000958
000959
000960
000961
000962
000963
000965
000966
000967
000968
000969
000970
000971
000972
000973
000975
000976
000977
000978
000979
000980
000981
000982
000983
000985
000987
000988
000989
000990
000993
000995
000996
000997
000998
000999
002001
200053
200054
200152
200160
200168
200468
200512
200706
200770
200771
200986
200992
002181
600000
600001
600002
600003
600004
600005
600006
600007
600008
600009
600010
600011
600012
600015
600016
DY600018
600019
600020
600021
600026
600028
600029
600030
600031
600033
600035
600036
600037
600038
600039
600050
600051
600052
600053
600054
900942
600055
600056
600057
600058
600059
600060
600061
600062
600063
600064
600066
600067
600068
600069
600070
600071
600072
600073
600074
600075
600076
600077
600078
600079
600080
600081
600082
600083
600084
600085
600086
600087
600088
600089
600090
600091
600093
600094
900940
600095
600096
600097
600098
600099
600100
600101
600102
600103
600104
600105
600106
600107
600108
600109
600110
600111
600112
600113
600114
600115
600116
600117
600118
600119
600120
600121
600122
600123
600125
600126
600127
600128
600129
600130
600131
600132
600133
600135
600136
600137
600138
600139
600141
600145
600146
600148
600149
600150
600151
600152
600153
600155
600156
600157
600158
600159
600160
600161
600162
600163
600165
600166
600167
600168
600169
600170
600171
600172
600173
600175
600176
600177
600178
600179
600180
600181
600182
600183
600184
600185
600186
600187
600188
600189
600190
900952
600191
600192
600193
600195
600196
600197
600198
600199
600200
600201
600202
600203
600205
600206
600207
600208
600209
600210
600211
600212
600213
600215
600216
600217
600218
600219
600220
600221
900945
600222
600223
600225
600226
600227
600228
600229
600230
600231
600232
600233
600234
600235
600236
600237
600238
600239
600240
600241
600242
600243
600246
600247
600248
600249
600250
600251
600252
600253
600255
600256
600257
600258
600259
600260
600261
600262
600263
600265
600266
600267
600268
600269
600270
600271
600272
900943
600273
600275
600276
600277
600278
600279
600280
600281
600282
600283
600284
600285
600287
600288
600289
600290
600291
600292
600293
600295
900936
600296
600297
600298
600299
600300
600301
600302
600303
600305
600306
600307
600308
600309
600310
600311
600312
600313
600315
600316
600317
600318
600319
600320
900947
600321
600322
600323
600325
600326
600327
600328
600329
600330
600331
600332
600333
600335
600336
600337
600338
600339
600340
600343
600345
600346
600348
600350
600351
600352
600353
600354
600355
600356
600357
600358
600359
600360
600361
600362
600363
600365
600366
600367
600368
600369
600370
600371
600372
600373
600375
600376
600377
600378
600379
600380
600381
600382
600383
600385
600386
600387
600388
600389
600390
600391
600392
600393
600395
600396
600397
600398
600399
600400
600401
600403
600405
600406
600408
600409
600410
600415
600416
600418
600419
600420
600421
600422
600423
600425
600426
600428
600429
600432
600433
600435
600436
600438
600439
600444
600446
600448
600449
600452
600455
600456
600458
600459
600460
600461
600462
600463
600466
600467
600468
600469
600470
600475
600476
600477
600478
600479
600480
600481
600483
600485
600486
600487
600488
600489
600490
600491
600493
600495
600496
600497
600498
600499
600500
600501
600502
600503
600505
600506
600507
600508
600509
600510
600511
600512
600513
600515
600516
600517
600518
600519
600520
600521
600522
600523
600525
600526
600527
600528
600529
600530
600531
600532
600533
600535
600536
600537
600538
600539
600540
600543
600545
600546
600547
600548
600549
600550
600551
600552
600553
600555
900955
600556
600557
600558
600559
600560
600561
600562
600563
600565
600566
600567
600568
600569
600570
600571
600572
600573
600575
600576
600577
600578
600579
600580
600581
600582
600583
600584
600585
600586
600587
600588
600589
600590
600591
600592
600593
600594
600595
600596
600597
600598
600599
600600
600601
600602
900901
600603
600604
900902
600605
600606
600607
600608
600609
600610
900906
600611
900903
600612
900905
600613
900904
600614
900907
600615
600616
600617
900913
600618
900908
600619
900910
600620
600621
600622
600623
900909
600624
600626
600627
600628
600629
600630
600631
600632
600633
600634
600635
600636
600637
600638
600639
900911
600640
600641
600642
600643
600644
600645
600647
600648
900912
600649
600650
900914
600651
600652
600653
600654
600655
600656
600657
600658
600660
600661
600662
600663
900932
600664
600665
600666
600667
600668
600671
600673
600674
600675
600676
600677
600678
600679
900916
600680
900930
600681
600682
600683
600684
600685
600686
600687
600688
600689
900922
600690
600691
600692
600693
600694
600695
900919
600696
600697
600698
900946
600699
600701
600702
600703
600704
600705
600706
600707
600708
600710
600711
600712
600713
600714
600715
600716
600717
600718
600719
600720
600721
600722
600723
600724
600725
600726
900937
600727
600728
600729
600730
600731
600732
600733
600734
600735
600736
600737
600738
600739
600740
600741
600742
600743
600744
600745
600746
600747
600748
600749
600750
600751
900938
600753
600754
900934
600755
600756
600757
600758
600759
600760
600761
600763
600764
600765
600766
600767
600768
600769
600770
600771
600773
600774
600775
600776
900941
600777
600778
600779
600780
600781
600782
600783
600784
600785
600786
600787
600789
600790
600791
600792
600793
600794
600795
600796
600797
600798
600800
600801
900933
600802
600803
600804
600805
600806
600807
600808
600809
600810
600811
600812
600814
600815
600816
600817
600818
900915
600819
900918
600820
600821
600822
900927
600823
600824
600825
600826
600827
900923
600828
600829
600830
600831
600832
600833
600834
600835
900925
600836
600837
600838
600839
600840
600841
900920
600842
600843
900924
600844
900921
600845
900926
600846
600847
600848
900928
601607
600850
600851
900917
600853
600854
600855
600856
600857
600858
600859
600860
600861
600862
600863
600864
600865
600866
600867
600868
600869
600870
600871
600872
600873
600874
600875
600876
600877
600879
600880
600881
600882
600883
600884
600885
600886
600887
600888
600889
600890
600891
600892
600893
600894
600895
600896
600897
600898
600900
600960
600963
600966
600967
600969
600975
600976
600980
600985
600986
600988
600990
600991
600992
600993
600995
600997
900929
900935
900939
900948
900949
900950
900951
900953
900956
900957
002017
002002
002003
002004
002005
002006
002007
002008
002009
002010
002011
002012
002013
002014
002015
002016
002018
002019
002020
002021
002022
002023
002024
002025
002026
002027
002028
002029
002030
002031
002032
002033
002034
002035
002036
002037
002038
600022
600143
600482
600961
600962
600965
600971
600973
600978
600979
600981
600982
600983
600984
600987
600027
002039
002040
600970
002041
002042
002043
600472
002044
002045
002046
002047
002048
002049
002050
300150
002051
002052
002053
601001
601988
002054
002055
002056
600048
002057
002058
002059
601006
002060
002061
002062
002063
002064
002065
002066
601111
002067
002068
300016
300271
601699
002069
002279
002070
002071
002072
601588
002073
600017
002074
002075
002076
601398
002079
002078
002077
600018
002080
002081
002082
601666
002083
002084
002085
002086
002087
002088
002089
601872
002090
002091
002092
601991
002095
002094
002093
002102
002101
002099
002100
002097
002096
002098
002103
002105
601333
002104
002110
002108
002106
002109
601002
601628
002107
002111
002121
002112
002114
002115
002120
002113
002116
002117
601166
002118
002119
601003
002124
601005
601318
002123
601007
002125
300318
002122
002126
601008
002130
002129
002127
002131
002132
002134
002135
002136
002133
000338
002128
601998
002139
601328
601600
002137
002138
002170
002140
601919
601168
002144
002143
002141
002142
601009
002153
002146
002159
002148
002150
002152
002149
002147
002157
002155
002151
002156
002145
002158
002168
002160
002161
002254
002154
002164
002162
002163
002169
002167
002175
002171
002165
002192
002166
002172
002174
601169
002173
002176
002179
002177
002180
601939
002178
601808
002183
002185
002182
002184
601088
002189
601857
002188
002187
002186
002196
002208
002193
002190
002191
002194
002195
300213
002200
002199
002198
601390
601918
002197
002201
002203
601999
002202
601866
002204
002205
601601
002207
002206
002209
002210
002211
002213
601099
002212
002216
601899
002215
002214
002226
002217
002218
002222
601898
002221
002220
002224
002219
601958
601186
002223
002225
002228
002227
002244
002230
002237
002235
002232
002231
002249
002229
002253
002234
002246
002233
002243
002236
002265
002252
002240
002247
002239
002238
002242
002245
002241
002248
002263
002274
002251
002256
002261
002255
002259
002262
002264
002260
002258
002250
601668
002267
002268
002271
002269
002270
002272
002266
002275
002273
002396
601107
601766
601788
002276
002282
002284
002283
002362
002277
601727
002278
002461
002280
002285
002281
002287
002286
002288
002289
002290
002296
002295
002291
002300
002292
002293
002294
600999
002297
300002
002599
601126
601633
002467
601268
002446
002448
002438
002490
002419
300353
002298
002506
601888
002299
002301
002489
601989
002304
002306
002365
002302
002307
002350
002315
002305
002303
002308
002310
601139
002309
601299
002311
002312
002523
601618
002313
002314
002316
002356
601117
002318
002327
002317
002319
002474
002321
300010
300001
002325
002331
300004
300008
300003
300006
300007
300014
300009
300011
300005
300013
601801
002328
300023
300012
300018
300071
300017
300015
300019
300020
300028
300022
300024
300021
300033
002320
601877
300027
300026
300025
002324
002322
002323
002326
002330
002329
002333
002332
002334
002336
002337
002335
002338
002340
002561
002339
002341
002344
300031
300139
002342
002538
002343
002345
002346
002347
002348
002381
300034
300032
002349
601678
002351
002352
002591
002355
002353
300029
002354
300035
300247
300036
300030
002359
002358
002549
300041
300038
300037
002357
002455
002370
002375
601688
002369
300040
601058
002360
002364
300039
002367
002366
601179
002361
002368
002374
300042
300045
300049
300047
002371
300048
002373
002380
002566
002372
002376
002397
601106
002378
300050
300044
300046
300043
002383
002363
002379
002382
002421
300277
300051
002392
002630
002385
002384
002386
002377
300052
300054
300264
002394
002393
601158
002388
300053
300057
300055
300056
300058
002407
002387
002395
002389
002398
002390
002391
601101
002399
002410
002408
002401
002400
002404
002406
300059
002405
002403
002402
002409
002412
601010
002411
300061
002416
002415
002414
002413
300098
300062
300087
300066
002433
002417
002425
300063
300065
300064
300068
002418
002420
601369
002422
002423
002428
002442
002424
002426
002427
002431
002456
601188
601518
002644
002430
002447
002459
300073
300070
002432
002429
002434
002436
300076
300072
300105
300069
300067
002435
002440
002437
002443
002622
300080
300075
002613
300078
300074
300079
300083
002439
603002
601012
300077
300082
002469
002441
300235
300084
002444
002492
002466
002445
300238
300086
300101
601118
002449
300091
300081
002450
002458
002451
300272
300088
300090
300096
002457
002529
601000
002452
002454
002453
002460
300085
601717
300179
300097
002463
002462
300099
300093
002464
601718
300253
300094
300089
300124
300152
300321
300095
300245
300092
300100
002496
300103
300102
002465
601018
002484
300126
601288
002468
300104
300110
300173
002476
002470
300107
300305
601177
603003
601377
300106
300113
300114
300112
300133
300129
300118
300116
300109
300111
300117
002478
002471
300156
300115
300108
002473
002527
002530
002614
002472
002569
002595
002475
601098
300120
300128
002479
002477
002480
002481
300121
300119
601818
300125
002486
002485
002482
002500
002521
300123
300122
002488
002487
002495
002615
300127
600998
002518
002493
002491
601028
002483
300134
300130
300135
300329
002497
002494
601996
300131
002498
300137
300132
002643
300138
300136
300142
002499
002501
002502
300141
300140
002511
002510
002505
002504
002554
002508
300154
300331
002509
002503
300144
300143
300325
002514
002507
002513
601777
601880
002515
300145
300148
002520
002512
300168
300158
002516
002517
603167
002519
601558
300157
002522
300146
300149
002547
300155
300151
002606
002524
002528
300147
300153
002526
002532
002534
002531
300169
300162
300161
002540
002702
002567
601933
300191
300159
300165
300223
002535
002609
300164
300163
300160
002536
002557
002539
601890
002533
300170
300174
300166
300167
002537
300172
300171
300194
300175
300180
002545
002550
002544
002541
601116
002570
002551
300177
300178
300176
002542
300181
601700
601137
300216
300193
300183
300197
002543
601519
002552
002546
601799
300184
300182
601616
300340
300203
002558
002555
002548
300229
002706
002559
601216
601789
002553
300205
300220
300198
300188
300195
300186
300196
300187
300345
300185
002556
300190
601011
002560
601258
002565
002577
300375
300211
300192
300189
601992
002563
601199
300204
300214
300199
300200
002562
002564
002571
002568
300201
300366
002579
002581
601218
002572
002573
002574
002576
002575
300282
300202
300206
300210
300208
300209
002580
601566
601113
002578
300207
300372
300212
601233
601208
300218
002584
002582
601222
300225
300215
300257
300219
300222
300217
300221
002583
601599
002590
300231
002592
300227
300224
300228
300249
300226
300240
300381
002585
601311
002586
300230
300232
300234
601798
002589
002587
300233
300236
300237
002588
601567
002605
002594
002604
300239
002593
002596
002626
002600
002601
002597
002598
300242
300258
300241
601901
002607
002602
300243
300244
002603
300248
300250
300246
002620
300251
002627
002608
300254
300256
300255
601636
300260
300252
002717
002618
300265
300267
300259
300303
002629
002610
300284
601908
601886
300269
300273
300261
002611
300268
300263
300294
002616
300262
300270
601677
002612
002624
002621
002619
002641
002617
300266
601669
300274
601100
300283
300275
002628
002625
002623
601225
002637
002636
601555
300278
002634
002640
002631
002633
300276
300280
603001
601800
002635
300293
002632
002648
300279
002646
002639
002645
300285
300281
601928
002673
002638
002647
300286
300295
300288
002668
002642
002651
300324
300350
300287
300290
601313
002649
002664
300298
002655
002656
601336
002667
300289
002662
002688
300291
002652
300297
002650
300292
002666
601929
300358
300310
300307
002654
002653
601339
300309
300301
300296
300304
300306
002672
002663
601388
601515
300326
601231
002657
300300
002660
002669
002658
002674
002661
002659
300320
300313
300314
002670
603123
300327
601965
603333
002675
300311
002677
002676
300302
300308
300330
601038
300317
300312
300315
300299
603000
603128
002671
002665
002696
002699
002685
002682
603077
002692
300316
300319
603366
002690
002678
002691
300342
300322
300339
300333
002679
002689
300336
603008
300334
300348
300338
002701
603399
300337
002711
002687
002694
002680
300332
300328
300349
300344
002698
300323
300335
603766
300347
300341
002681
002686
002683
300346
300362
300343
002684
002693
300383
603993
603288
300371
002718
002715
002716
002713
002723
601608
601238
300352
002709
002725
603555
002708
002695
300382
002714
002703
002722
300356
603699
300369
300354
300367
603308
002719
002700
300351
300355
002721
300368
002697
300360
300357
002707
300363
300373
002705
300377
300376
300380
603005
300365
300379
300359
002712
300378
000333
600023
300370
603328
603006
603168
300386
300387
603369
603009
300385
002727
002726
002728
603126
300384
300389
603100
300390
603099
603111
300388
601579
300391
603609
600349
002710
002720
603688
300361
300397
601016
603806
600917
300396
300393
603188
002729
300392
300395
603306
300401
603456
300400
300399
603010
603606
002730
300398
603018
603169
300402
603166
603088
300403
002724
300405
603988
603011
300406
601015
002731
603019
603518
603368
601969
603998
601226
300409
002735
002733
002732
300408
300407
002738
603889
603788
601021
300411
603017
002737
603636
603588
300410
300412
002736
002734
002739
002740
300364
300413
300415
300416
300417
300418
601069
603558
603600
603601
603611
603678
603686
603899
603698
603799
300419
000166
002257
002741
002742
002743
002745
002746
300394
300420
300421
300422
300423
300425
300426
300427
601198
603015
603118
603222
603309
603618
603828
603898
603939
603969
603997
002747
002748
300374
300428
300429
300430
300431
300432
300433
600958
601689
603020
603030
603158
603199
603268
603519
603729
603869
002750
002749
603338
603012
300435
002752
300445
300444
300438
603789
603818
300436
300437
603318
300449
300443
600959
300441
300448
603883
603703
603567
300440
603025
300424
603021
603315
300447
300404
300442
300434
603808
300439
300446
002751
002753
002755
002756
300414
300450
300451
300452
300453
300456
300457
300458
300459
300460
603022
603227
603355
603566
603599
603718
603968
300455
603116
603311
603989
300461
603023
002757
300467
300463
603885
603901
603918
300466
300465
300462
002758
002759
603108
603198
300468
603568
603026
603300
603598
603669
300477
601368
002761
300469
601985
300478
300472
002760
300470
603616
300476
603066
300475
300479
300464
002766
002763
601968
002762
300473
002765
002767
300471
002525
000003
000013
000015
000047
000405
000412
000535
000556
000583
000588
000621
000653
000658
000660
000675
000689
000699
000730
000765
000769
000787
000805
000827
000832
200003
200013
200015
200041
200057
600065
600092
600286
600625
600646
600659
600669
600670
600672
600700
600709
600752
600762
600772
600788
600799
600813
600852
600878
600899
900931
002768
002769
002770
002771
002772
002773
002775
002776
300480
300481
300482
300483
300485
300486
300487
300488
300489
601211
603085
603117
603223
603589
603838
603979
002777
002778
002779
002780
002781
002782
002783
002785
300490
300492
300493
300495
300496
603398
603696
603778
603800
603866
603936
603996
603999
300491
002786
300494
002787
603508
603299
300497
002808
300498
601155
001979
601900
603377
300499
002788
300500
300501
603608
002790
603027
603520
300503
300502
603919
002789
300505
601020
603861
300506
002792
300484
002791
603028
300474
603798
603701
603868
002793
300507
300508
603726
603029
002795
300509
603528
300511
603822
603101
300510
002796
603779
002797
603959
603339
002798
300512
300513
601611
603737
002800
603131
002799
300515
601127
300516
603909
300517
300519
300518
002801
002802
603958
603016
601966
002805
600919
300520
300522
603069
300521
002803
300523
603663
002806
300526
300525
603007
300529
603322
300527
300528
601811
600977
603569
603843
300531
603159
002807
600936
601997
300530
601595
300532
603986
300535
603515
300533
002810
300540
603031
300536
603090
603977
002809
300537
600908
601206
300538
300539
603658
002811
601128
601163
603393
603887
300543
002812
603067
300534
300541
603189
000991
601500
300542
002815
300545
002813
600926
603738
603421
603777
300546
300548
300549
603313
300547
603816
603160
300551
300552
601229
603859
002816
300555
603667
002817
300550
300553
603258
603888
600849
603716
300559
601882
002818
603323
603203
300560
300556
300558
300557
002819
603319
603060
603556
002820
002821
300561
300563
300562
300566
300565
603336
603727
603633
603858
603819
603987
603900
002823
300569
002822
300567
603660
002825
603559
300568
603668
002826
002827
300570
600909
603033
002828
603036
300572
603928
603708
603239
603990
603098
603585
002831
300573
603389
603878
300571
002830
603416
603823
002829
603577
300580
603058
300575
300576
600996
603298
603886
002835
002832
300577
002833
300581
300582
300579
603218
601375
603929
002839
300586
603186
002837
002838
300588
603032
603035
002840
300585
300587
603228
603689